0x858585->1
0xf7f7f7->0
24*24-stand
000000000000000000000000
000000000000000000000000
000000000000001111111100
000000000000011011111110
000000000000011111111110
000000000000011111111110
000000000000011111111110
000000000000011111000000
000000000000011111111000
001000000000111110000000
001000000011111110000000
001100001111111111100000
001110011111111110100000
001111111111111110000000
001111111111111110000000
000111111111111110000000
000011111111111100000000
000001111111111000000000
000000111111110000000000
000000011100110000000000
000000011000010000000000
000000010000010000000000
000000011000011000000000
000000000000000000000000
24*24-run_left
000000000000000000000000
000000000000000000000000
000000000000001111111100
000000000000011011111110
000000000000011111111110
000000000000011111111110
000000000000011111111110
000000000000011111000000
000000000000011111111000
001000000000111110000000
001000000011111110000000
001100001111111111100000
001110011111111110100000
001111111111111110000000
001111111111111110000000
000111111111111110000000
000011111111111100000000
000001111111111000000000
000000111001110000000000
000000010000110000000000
000000011000010000000000
000000000000010000000000
000000000000011000000000
000000000000000000000000
24*24-run_right
000000000000000000000000
000000000000000000000000
000000000000001111111100
000000000000011011111110
000000000000011111111110
000000000000011111111110
000000000000011111111110
000000000000011111000000
000000000000011111111000
001000000000111110000000
001000000011111110000000
001100001111111111100000
001110011111111110100000
001111111111111110000000
001111111111111110000000
000111111111111110000000
000011111111111100000000
000001111111111000000000
000000111111100000000000
000000011100100000000000
000000011000110000000000
000000010000000000000000
000000011000000000000000
000000000000000000000000
