6*16-HI
0000000000000000
0100010001111100
0100010000011000
0111110000011000
0100010000011000
0100010001111100
0000000000000000

6*8-0
00000000
00011100
00100010
01000001
01000001
00100010
00011100
6*8-1
00000000
00110000
00011000
00011000
00011000
01111110

6*8-2
00000000
00111100
01100110
00001110
00011000
01111110

6*8-3
00000000
01111110
01100110
00001110
01100110
01111110

6*8-4
0000000
01100100
01100100
01111110
00000100
00000100

6*8-5
00000000
01111110
01100000
01111100
00001100
01111100

6*8-6
00000000
00111110
01100000
01111100
01100010
00111100

6*8-7
00000000
01111110
00000110
00001100
00011000
00110000

6*8-8
00000000
00111100
01100110
01111110
01100110
00111100

6*8-9
00000000
00111100
01000110
00111110
00000110
00001100
