#0x858585->1
#0xf7f7f7->0
20*16-big_tree
0000000000000000
0000000110000000
0000001111000000
0000001111000000
0111001111001100
0111001111001110
0111001111001110
0111001111001110
0011111111111100
0001111111111000
0000011111110000
0000001111000000
0000001111000000
0000001111000000
0000001111000000
0000001111000000
0000001111000000
0000011111000000
1111111111111111
0000000000000000
20*16-other_tree
0000000000000000
0000000110000000
0000001111000000
0000001111000000
0000001111001100
0000001111001110
0110001111001110
0110001111001110
0110001111111100
0110001111111000
0110001111110000
0011111111000000
0000111111000000
0000001111000000
0000001111000000
0000001111000000
0000001111000000
0000011111000000
1111111111111111
0000000000000000
